[964, 1816,  100],
[1864, 3479,  100],
[1732, 3288,  100],
[ 623, 1178,  100],
[1580, 2972,  100],
[2114, 3801,  100],
[1872, 3487,  100],
[1028, 1950,  102],
[1544, 2905,  102],
[ 166,  320,  102],
[1965, 3608,  102],
[1916, 3547,  102],
[1824, 3431,  104],
[1853, 3468,  104],
[1628, 3065,  104],
[2301, 4059,  104],
[1033, 1957,  104],
[  70,  133,  106],
[1675, 3170,  106],
[2240, 3976,  106],
[1332, 2468,  106],
[ 440,  829,  108],
[1245, 2327,  108],
[1283, 2381,  108],
[ 832, 1566,  108],
[2411, 4221,  108],
[1607, 3025,  108],
[1144, 2153,  108],
[1837, 3445,  108],
[   9,   19,  108],
[1705, 3243,  110],
[2201, 3921,  110],
[ 735, 1388,  110],
[ 396,  759,  110],
[1938, 3575,  112],
[2146, 3844,  112],
[ 217,  414,  112],
[ 773, 1444,  112],
[ 538, 1026,  112],
[2267, 4015,  112],
[1520, 2853,  114],
[2217, 3940,  114],
[2177, 3890,  114],
[2162, 3862,  116],
[2260, 4005,  116],
[ 360,  697,  116],
[1799, 3397,  118],
[1982, 3628,  118],
[1880, 3499,  120],
[1057, 2007,  120],
[ 114,  221,  120],
[2121, 3808,  120],
[1031, 1953,  120],
[2012, 3665,  122],
[1227, 2296,  124],
[1947, 3586,  124],
[2185, 3899,  124],
[1712, 3260,  124],
[ 354,  684,  126],
[1535, 2881,  126],
[2431, 4251,  126],
[   1,    4,  126],
[2247, 3985,  128],
[1384, 2581,  128],
[1910, 3540,  128],
[1695, 3219,  130],
[1411, 2635,  130],
[1849, 3464,  132],
[1835, 3443,  132],
[1737, 3295,  132],
[ 843, 1589,  132],
[1498, 2802,  134],
[1959, 3601,  134],
[2412, 4223,  134],
[ 112,  219,  136],
[1657, 3126,  136],
[ 148,  282,  138],
[ 344,  663,  138],
[ 532, 1015,  138],
[1690, 3199,  138],
[1883, 3507,  140],
[2189, 3904,  142],
[1555, 2929,  142],
[1854, 3469,  144],
[2352, 4138,  144],
[1303, 2413,  144],
[ 501,  952,  144],
[ 698, 1319,  146],
[1856, 3471,  146],
[1692, 3204,  152],
[ 848, 1603,  152],
[1825, 3432,  152],
[1413, 2641,  154],
[1410, 2634,  154],
[ 365,  711,  156],
[1376, 2568,  156],
[2269, 4018,  156],
[2202, 3922,  158],
[2410, 4220,  160],
[2188, 3903,  162],
[ 490,  937,  164],
[2147, 3845,  164],
[1858, 3473,  166],
[ 263,  491,  168],
[ 140,  267,  172],
[2312, 4076,  174],
[1377, 2570,  174],
[2115, 3802,  174],
[2175, 3888,  176],
[ 535, 1020,  176],
[2591, 4478,  178],
[ 677, 1287,  180],
[1833, 3441,  182],
[2096, 3777,  184],
[1839, 3447,  186],
[ 545, 1038,  186],
[ 849, 1604,  190],
[ 948, 1786,  190],
[1957, 3598,  192],
[2122, 3809,  192],
[2555, 4431,  192],
[2236, 3972,  194],
[ 688, 1304,  200],
[1899, 3527,  200],
[ 502,  953,  202],
[ 489,  935,  204],
[1840, 3449,  206],
[2158, 3858,  214],
[ 104,  207,  214],
[ 588, 1117,  222],
[2148, 3846,  222],
[1939, 3576,  224],
[1168, 2191,  224],
[1329, 2458,  228],
[1599, 3012,  232],
[2309, 4072,  232],
[1050, 1990,  232],
[2129, 3818,  232],
[2351, 4137,  238],
[1034, 1962,  240],
[1103, 2079,  242],
[ 786, 1476,  244],
[1832, 3440,  244],
[1556, 2930,  246],
[ 239,  451,  248],
[1285, 2385,  262],
[2384, 4186,  266],
[ 521,  989,  278],
[ 730, 1381,  280],
[1530, 2872,  280],
[1719, 3269,  280],
[1193, 2232,  284],
[1900, 3528,  286],
[2135, 3827,  286],
[2218, 3946,  288],
[2134, 3826,  290],
[2184, 3898,  302],
[1517, 2847,  304],
[2335, 4108,  310],
[2337, 4112,  314],
[ 215,  409,  318],
[1286, 2386,  324],
[1735, 3292,  330],
[ 313,  605,  332],
[1187, 2224,  360],
[1412, 2639,  372],
[ 542, 1034,  376],
[1586, 2982,  388],
[1319, 2441,  424],
[1516, 2846,  444]])
